# 7 out of 7 mutations
7 #trees
6 #edges, tree 1
2 6
2 4
1 5
1 3
0 2
0 1
1 #anatomical sites
3 #samples
7 #characters
#sample_index	sample_label	anatomical_site_index	anatomical_site_label	character_index	character_label	f-	f+
0	0	0	0	0	0	1	1
0	0	0	0	1	1	0.3945	0.3945
0	0	0	0	2	2	0.5403	0.5403
0	0	0	0	3	3	0.0884	0.0884
0	0	0	0	4	4	0.1207	0.1207
0	0	0	0	5	5	0.0585	0.0585
0	0	0	0	6	6	0.2839	0.2839
1	1	0	0	0	0	1	1
1	1	0	0	1	1	0.5203	0.5203
1	1	0	0	2	2	0.4116	0.4116
1	1	0	0	3	3	0.281	0.281
1	1	0	0	4	4	0.0753	0.0753
1	1	0	0	5	5	0.1799	0.1799
1	1	0	0	6	6	0.2381	0.2381
2	2	0	0	0	0	1	1
2	2	0	0	1	1	0.2484	0.2484
2	2	0	0	2	2	0.6635	0.6635
2	2	0	0	3	3	0.0509	0.0509
2	2	0	0	4	4	0.1295	0.1295
2	2	0	0	5	5	0.0929	0.0929
2	2	0	0	6	6	0.1252	0.1252
6 #edges, tree 2
2 4
2 3
1 6
1 5
0 2
0 1
1 #anatomical sites
3 #samples
7 #characters
#sample_index	sample_label	anatomical_site_index	anatomical_site_label	character_index	character_label	f-	f+
0	0	0	0	0	0	1	1
0	0	0	0	1	1	0.3945	0.3945
0	0	0	0	2	2	0.5403	0.5403
0	0	0	0	3	3	0.0884	0.0884
0	0	0	0	4	4	0.1207	0.1207
0	0	0	0	5	5	0.0585	0.0585
0	0	0	0	6	6	0.2839	0.2839
1	1	0	0	0	0	1	1
1	1	0	0	1	1	0.5203	0.5203
1	1	0	0	2	2	0.4116	0.4116
1	1	0	0	3	3	0.281	0.281
1	1	0	0	4	4	0.0753	0.0753
1	1	0	0	5	5	0.1799	0.1799
1	1	0	0	6	6	0.2381	0.2381
2	2	0	0	0	0	1	1
2	2	0	0	1	1	0.2484	0.2484
2	2	0	0	2	2	0.6635	0.6635
2	2	0	0	3	3	0.0509	0.0509
2	2	0	0	4	4	0.1295	0.1295
2	2	0	0	5	5	0.0929	0.0929
2	2	0	0	6	6	0.1252	0.1252
6 #edges, tree 3
2 5
2 4
1 6
1 3
0 2
0 1
1 #anatomical sites
3 #samples
7 #characters
#sample_index	sample_label	anatomical_site_index	anatomical_site_label	character_index	character_label	f-	f+
0	0	0	0	0	0	1	1
0	0	0	0	1	1	0.3945	0.3945
0	0	0	0	2	2	0.5403	0.5403
0	0	0	0	3	3	0.0884	0.0884
0	0	0	0	4	4	0.1207	0.1207
0	0	0	0	5	5	0.0585	0.0585
0	0	0	0	6	6	0.2839	0.2839
1	1	0	0	0	0	1	1
1	1	0	0	1	1	0.5203	0.5203
1	1	0	0	2	2	0.4116	0.4116
1	1	0	0	3	3	0.281	0.281
1	1	0	0	4	4	0.0753	0.0753
1	1	0	0	5	5	0.1799	0.1799
1	1	0	0	6	6	0.2381	0.2381
2	2	0	0	0	0	1	1
2	2	0	0	1	1	0.2484	0.2484
2	2	0	0	2	2	0.6635	0.6635
2	2	0	0	3	3	0.0509	0.0509
2	2	0	0	4	4	0.1295	0.1295
2	2	0	0	5	5	0.0929	0.0929
2	2	0	0	6	6	0.1252	0.1252
6 #edges, tree 4
6 5
2 4
1 6
1 3
0 2
0 1
1 #anatomical sites
3 #samples
7 #characters
#sample_index	sample_label	anatomical_site_index	anatomical_site_label	character_index	character_label	f-	f+
0	0	0	0	0	0	1	1
0	0	0	0	1	1	0.3945	0.3945
0	0	0	0	2	2	0.5403	0.5403
0	0	0	0	3	3	0.0884	0.0884
0	0	0	0	4	4	0.1207	0.1207
0	0	0	0	5	5	0.0585	0.0585
0	0	0	0	6	6	0.2839	0.2839
1	1	0	0	0	0	1	1
1	1	0	0	1	1	0.5203	0.5203
1	1	0	0	2	2	0.4116	0.4116
1	1	0	0	3	3	0.281	0.281
1	1	0	0	4	4	0.0753	0.0753
1	1	0	0	5	5	0.1799	0.1799
1	1	0	0	6	6	0.2381	0.2381
2	2	0	0	0	0	1	1
2	2	0	0	1	1	0.2484	0.2484
2	2	0	0	2	2	0.6635	0.6635
2	2	0	0	3	3	0.0509	0.0509
2	2	0	0	4	4	0.1295	0.1295
2	2	0	0	5	5	0.0929	0.0929
2	2	0	0	6	6	0.1252	0.1252
6 #edges, tree 5
6 5
2 4
2 3
1 6
0 2
0 1
1 #anatomical sites
3 #samples
7 #characters
#sample_index	sample_label	anatomical_site_index	anatomical_site_label	character_index	character_label	f-	f+
0	0	0	0	0	0	1	1
0	0	0	0	1	1	0.3945	0.3945
0	0	0	0	2	2	0.5403	0.5403
0	0	0	0	3	3	0.0884	0.0884
0	0	0	0	4	4	0.1207	0.1207
0	0	0	0	5	5	0.0585	0.0585
0	0	0	0	6	6	0.2839	0.2839
1	1	0	0	0	0	1	1
1	1	0	0	1	1	0.5203	0.5203
1	1	0	0	2	2	0.4116	0.4116
1	1	0	0	3	3	0.281	0.281
1	1	0	0	4	4	0.0753	0.0753
1	1	0	0	5	5	0.1799	0.1799
1	1	0	0	6	6	0.2381	0.2381
2	2	0	0	0	0	1	1
2	2	0	0	1	1	0.2484	0.2484
2	2	0	0	2	2	0.6635	0.6635
2	2	0	0	3	3	0.0509	0.0509
2	2	0	0	4	4	0.1295	0.1295
2	2	0	0	5	5	0.0929	0.0929
2	2	0	0	6	6	0.1252	0.1252
6 #edges, tree 6
6 5
2 6
1 4
1 3
0 2
0 1
1 #anatomical sites
3 #samples
7 #characters
#sample_index	sample_label	anatomical_site_index	anatomical_site_label	character_index	character_label	f-	f+
0	0	0	0	0	0	1	1
0	0	0	0	1	1	0.3945	0.3945
0	0	0	0	2	2	0.5403	0.5403
0	0	0	0	3	3	0.0884	0.0884
0	0	0	0	4	4	0.1207	0.1207
0	0	0	0	5	5	0.0585	0.0585
0	0	0	0	6	6	0.2839	0.2839
1	1	0	0	0	0	1	1
1	1	0	0	1	1	0.5203	0.5203
1	1	0	0	2	2	0.4116	0.4116
1	1	0	0	3	3	0.281	0.281
1	1	0	0	4	4	0.0753	0.0753
1	1	0	0	5	5	0.1799	0.1799
1	1	0	0	6	6	0.2381	0.2381
2	2	0	0	0	0	1	1
2	2	0	0	1	1	0.2484	0.2484
2	2	0	0	2	2	0.6635	0.6635
2	2	0	0	3	3	0.0509	0.0509
2	2	0	0	4	4	0.1295	0.1295
2	2	0	0	5	5	0.0929	0.0929
2	2	0	0	6	6	0.1252	0.1252
6 #edges, tree 7
6 5
2 6
2 4
1 3
0 2
0 1
1 #anatomical sites
3 #samples
7 #characters
#sample_index	sample_label	anatomical_site_index	anatomical_site_label	character_index	character_label	f-	f+
0	0	0	0	0	0	1	1
0	0	0	0	1	1	0.3945	0.3945
0	0	0	0	2	2	0.5403	0.5403
0	0	0	0	3	3	0.0884	0.0884
0	0	0	0	4	4	0.1207	0.1207
0	0	0	0	5	5	0.0585	0.0585
0	0	0	0	6	6	0.2839	0.2839
1	1	0	0	0	0	1	1
1	1	0	0	1	1	0.5203	0.5203
1	1	0	0	2	2	0.4116	0.4116
1	1	0	0	3	3	0.281	0.281
1	1	0	0	4	4	0.0753	0.0753
1	1	0	0	5	5	0.1799	0.1799
1	1	0	0	6	6	0.2381	0.2381
2	2	0	0	0	0	1	1
2	2	0	0	1	1	0.2484	0.2484
2	2	0	0	2	2	0.6635	0.6635
2	2	0	0	3	3	0.0509	0.0509
2	2	0	0	4	4	0.1295	0.1295
2	2	0	0	5	5	0.0929	0.0929
2	2	0	0	6	6	0.1252	0.1252
